1.00	2.57966	1.03601
2.00	2.65157	1.07082
3.00	2.78218	1.07852
4.00	2.90651	1.08974
5.00	3.05066	1.09977
6.00	3.20242	1.08805
7.00	3.31652	1.07379
8.00	3.43611	1.07427
9.00	3.55903	1.10305
10.0	3.69647	1.12779
11.0	3.84164	1.14821	
12.0	3.99805	1.16013	
13.0	4.15525	1.14065	
14.0	4.28036	1.14874
15.0	4.39622	1.16957
16.0	4.37155	1.29957	
17.0	4.49521	1.31032
18.0	4.62451	1.33126
19.0	4.77024	1.33877
20.0	4.77290	1.33793
21.0	5.04054	1.32257	
22.0	5.16459	1.32433
23.0	5.26819	1.34140
24.0	5.36915	1.36180
25.0	5.56885	1.35535
26.0	5.66928	1.38069
27.0	5.78058	1.40149
28.0	5.88723	1.40569
29.0	5.98441	1.42183
30.0	6.05768	1.44843
